0000000000000000000000000000000000000000000000000000000000000001
0000000000000000000000000000000000000000000000000000000000000011
0000000000000000000000000000000000000000000000000000000000000111
0000000000000000000000000000000000000000000000000000000000001000
0000000000000000000000000000000000000000000000000000000000010101
0000000000000000000000000000000000000000000000000000000000110001
0000000000000000000000000000000000000000000000000000000001001100
0000000000000000000000000000000000000000000000000000000011100000
0000000000000000000000000000000000000000000000000000000111010011
0000000000000000000000000000000000000000000000000000001000000010
0000000000000000000000000000000000000000000000000000010010000011
0000000000000000000000000000000000000000000000000000101001111011
0000000000000000000000000000000000000000000000000001010001100000
0000000000000000000000000000000000000000000000000010100100110000
0000000000000000000000000000000000000000000000000110100011110011
0000000000000000000000000000000000000000000000001100100100110110
0000000000000000000000000000000000000000000000010111011001001111
0000000000000000000000000000000000000000000000110000100000001101
0000000000000000000000000000000000000000000001010111010010011111
0000000000000000000000000000000000000000000011010010110001010101
0000000000000000000000000000000000000000000110111010010100110100
0000000000000000000000000000000000000000001011011110010000001111
0000000000000000000000000000000000000000010101010110111001010010
0000000000000000000000000000000000000000110111000010101000000100
0000000000000000000000000000000000000001111110100101111011100101
0000000000000000000000000000000000000011010000000011001001101110
0000000000000000000000000000000000000110101011000011100001110101
0000000000000000000000000000000000001101100100010110110011101000
0000000000000000000000000000000000010111111000100101010100011110
0000000000000000000000000000000000111101100101001100110101100100
0000000000000000000000000000000001111101010011111110011101000111
0000000000000000000000000000000010111000011000101010011000101110
0000000000000000000000000000000110101001011011001010100011011000
0000000000000000000000000000001101001010011001011001000100011101
0000000000000000000000000000010010101110110100100001000101110000
0000000000000000000000000000100111011110100000100000101001111100
0000000000000000000000000001011101010111011101010110101010010011
0000000000000000000000000010001000111000001011111010110011010000
0000000000000000000000000100101101011111100000110000001111101001
0000000000000000000000001110100110101110010010010011001111010110
0000000000000000000000010101001110000110100110101100110001011011
0000000000000000000000101010001000100001110001011000110110001111
0000000000000000000001101011110100111011001001111100010110010001
0000000000000000000011100000001010110011010110100011010110001111
0000000000000000000100100010111111001010000101000011110000000101
0000000000000000001011101100000110000011100010001101010101000100
0000000000000000011011001101011000010000101101010011110010111010
0000000000000000101011011110011011010111110011100011101110011011
0000000000000001011101000001011101101011000000010101111101001101
0000000000000010001010111101010000111100001011101001001101010100
0000000000000111010100000111000010100001101000000000100111010100
0000000000001110111110101110000101100100110010111001111000111100
0000000000011000000001111000100011100100011111100011001001101100
0000000000100011011011111011011011010101101011010001111101000011
0000000001101010101111100001111110011011011001111110000100010100
0000000010011101000110001011011000111010110001001111111111011111
0000000111101011001001011100100100000111100101011101011000011100
0000001011000110011101011011100001010010000110001001101000100001
0000011101001001011011001011101110000111110010101011010001001111
0000111111000000011110100001100000100101001101100111101110111110
0001001111001001011010100011011101000010111101100100100100000110
0011011000111101010101000001111010110110000100011010101111101110
0111110011001110010111101111110110101100110011110110100000001000
11010100000111000101100010011010100000101101100100110100001100111
1101001001101110000100101101100100001100011010011011000100111011110001
100110001011100111000010001010001101000011010100001001100110110111000000111
11101010000110100101110001100110110111001100000100011011010110101101000110000000
1000101110010000011000100111100000001100011010101000110111000110011101011101110101000
101100111000000000101110110010000100110110101001000100010111000111000111101000010110111111
10100100111101001111001001010110001100000111100011111110110010010100000111010001011000111110100
1010111101010101111111000101100111000011001101011100100011101100011001111110110100100100100000100110
101101111000101001111110000100000010101001100110110000111111011100110001110010110101100110011110111110011
11010111000000110101110010001101001101111101111101111010110000111100100000110011110111000001100010010001000100
1100000111101001101000100010101011101001111010111011110111011100100100110010110000111011001011000001001101011000110
